500 800 1100 1400 2000 2600 3100 3700 4300 5000 7000 9000
30 40 50 55 60 70 80 90 100 200 300 400
5.0 10.0 10.0 10.0 10.0 10.0 10.0 10.0 10.0 10.0 10.0 10.0 
5.0 10.0 10.0 10.0 10.0 10.0 10.0 10.0 10.0 10.0 10.0 10.0 
5.0 10.0 10.0 10.0 10.0 10.0 10.0 10.0 10.0 10.0 10.0 10.0 
5.0 10.0 10.0 10.0 10.0 10.0 10.0 10.0 10.0 10.0 10.0 10.0 
5.0 5.0  10.0 10.0 10.0 10.0 10.0 10.0 10.0 10.0 10.0 10.0 
5.0 5.0  10.0 10.0 10.0 10.0 10.0 10.0 10.0 10.0 10.0 10.0 
5.0 5.0  6.7  6.7  6.7  6.7  6.7  6.7  6.7  6.7  6.7  6.7
5.0 5.0  8.3  8.3  8.3  8.3  8.3  8.3  8.3  8.3  8.3  8.3
5.0 5.0  5.0  5.0  5.0  5.0  5.0  5.0  5.0  5.0  5.0  5.0
5.0 5.0  5.0  5.0  5.0  5.0  5.0  5.0  5.0  5.0  5.0  5.0
5.0 5.0  5.0  5.0  5.0  5.0  5.0  5.0  5.0  5.0  5.0  5.0
5.0 5.0  5.0  5.0  5.0  5.0  5.0  5.0  5.0  5.0  5.0  5.0