500 1000 1400 1800 2300 2700 3100 3500 3900 4400 4800 5200
25 32 38 46 52 60 66 74 80 88 94 101
13.3 13.3 14.6 14.6 14.6 14.6 14.6 14.4 14.1 14.0 14.0 14.0
13.3 13.3 14.5 14.5 14.5 14.5 14.5 14.2 13.9 13.9 13.9 13.9
13.3 13.3 14.3 14.3 14.3 14.3 14.3 14.1 13.8 13.7 13.7 13.7
13.3 13.3 14.2 14.2 14.2 14.2 14.2 14.0 13.7 13.6 13.6 13.6
13.3 13.3 14.1 14.1 14.1 14.1 14.1 13.8 13.5 13.5 13.5 13.5
13.3 13.3 13.9 13.9 13.9 13.9 13.9 13.7 13.4 13.3 13.3 13.3
13.3 13.3 13.8 13.8 13.8 13.8 13.8 13.6 13.3 13.2 13.2 13.2
13.3 13.3 13.6 13.6 13.6 13.6 13.6 13.4 13.1 13.0 13.0 13.0
13.3 13.3 13.5 13.5 13.5 13.5 13.5 13.3 13.0 12.9 12.9 12.9
13.3 13.3 13.3 13.3 13.3 13.3 13.3 13.1 12.8 12.7 12.7 12.7
13.3 13.3 13.2 13.2 13.2 13.2 13.2 13.0 12.7 12.6 12.6 12.6
13.3 13.3 13.1 13.1 13.1 13.1 13.1 12.9 12.6 12.5 12.5 12.5